8 Solutions for 3x3 Magic Squares (exhaustive search):
2 7 6
9 5 1
4 3 8
---
2 9 4
7 5 3
6 1 8
---
4 3 8
9 5 1
2 7 6
---
4 9 2
3 5 7
8 1 6
---
6 1 8
7 5 3
2 9 4
---
6 7 2
1 5 9
8 3 4
---
8 1 6
3 5 7
4 9 2
---
8 3 4
1 5 9
6 7 2
---
0 Solutions for 2x2 Magic Squares (exhaustive search):

---
192 Solutions for 4x4 Magic Squares (limited search):
16  2  3 13
 5 11 10  8
 9  7  6 12
 4 14 15  1
---
16  2  3 13
 9  7  6 12
 5 11 10  8
 4 14 15  1
---
 5 11 10  8
16  2  3 13
 4 14 15  1
 9  7  6 12
---
 5 11 10  8
 4 14 15  1
16  2  3 13
 9  7  6 12
---
 9  7  6 12
16  2  3 13
 4 14 15  1
 5 11 10  8
---
 9  7  6 12
 4 14 15  1
16  2  3 13
 5 11 10  8
---
 4 14 15  1
 5 11 10  8
 9  7  6 12
16  2  3 13
---
 4 14 15  1
 9  7  6 12
 5 11 10  8
16  2  3 13
---
16  2 13  3
 5 11  8 10
 4 14  1 15
 9  7 12  6
---
16  2 13  3
 9  7 12  6
 4 14  1 15
 5 11  8 10
---
 5 11  8 10
16  2 13  3
 9  7 12  6
 4 14  1 15
---
 5 11  8 10
 4 14  1 15
 9  7 12  6
16  2 13  3
---
 9  7 12  6
16  2 13  3
 5 11  8 10
 4 14  1 15
---
 9  7 12  6
 4 14  1 15
 5 11  8 10
16  2 13  3
---
 4 14  1 15
 5 11  8 10
16  2 13  3
 9  7 12  6
---
 4 14  1 15
 9  7 12  6
16  2 13  3
 5 11  8 10
---
16  3  2 13
 5 10 11  8
 9  6  7 12
 4 15 14  1
---
16  3  2 13
 9  6  7 12
 5 10 11  8
 4 15 14  1
---
 5 10 11  8
16  3  2 13
 4 15 14  1
 9  6  7 12
---
 5 10 11  8
 4 15 14  1
16  3  2 13
 9  6  7 12
---
 9  6  7 12
16  3  2 13
 4 15 14  1
 5 10 11  8
---
 9  6  7 12
 4 15 14  1
16  3  2 13
 5 10 11  8
---
 4 15 14  1
 5 10 11  8
 9  6  7 12
16  3  2 13
---
 4 15 14  1
 9  6  7 12
 5 10 11  8
16  3  2 13
---
16  3 13  2
 5 10  8 11
 4 15  1 14
 9  6 12  7
---
16  3 13  2
 9  6 12  7
 4 15  1 14
 5 10  8 11
---
 5 10  8 11
16  3 13  2
 9  6 12  7
 4 15  1 14
---
 5 10  8 11
 4 15  1 14
 9  6 12  7
16  3 13  2
---
 9  6 12  7
16  3 13  2
 5 10  8 11
 4 15  1 14
---
 9  6 12  7
 4 15  1 14
 5 10  8 11
16  3 13  2
---
 4 15  1 14
 5 10  8 11
16  3 13  2
 9  6 12  7
---
 4 15  1 14
 9  6 12  7
16  3 13  2
 5 10  8 11
---
16 13  2  3
 4  1 14 15
 5  8 11 10
 9 12  7  6
---
16 13  2  3
 4  1 14 15
 9 12  7  6
 5  8 11 10
---
 5  8 11 10
 9 12  7  6
16 13  2  3
 4  1 14 15
---
 5  8 11 10
 9 12  7  6
 4  1 14 15
16 13  2  3
---
 9 12  7  6
 5  8 11 10
16 13  2  3
 4  1 14 15
---
 9 12  7  6
 5  8 11 10
 4  1 14 15
16 13  2  3
---
 4  1 14 15
16 13  2  3
 5  8 11 10
 9 12  7  6
---
 4  1 14 15
16 13  2  3
 9 12  7  6
 5  8 11 10
---
16 13  3  2
 4  1 15 14
 5  8 10 11
 9 12  6  7
---
16 13  3  2
 4  1 15 14
 9 12  6  7
 5  8 10 11
---
 5  8 10 11
 9 12  6  7
16 13  3  2
 4  1 15 14
---
 5  8 10 11
 9 12  6  7
 4  1 15 14
16 13  3  2
---
 9 12  6  7
 5  8 10 11
16 13  3  2
 4  1 15 14
---
 9 12  6  7
 5  8 10 11
 4  1 15 14
16 13  3  2
---
 4  1 15 14
16 13  3  2
 5  8 10 11
 9 12  6  7
---
 4  1 15 14
16 13  3  2
 9 12  6  7
 5  8 10 11
---
 2 16  3 13
11  5 10  8
14  4 15  1
 7  9  6 12
---
 2 16  3 13
 7  9  6 12
14  4 15  1
11  5 10  8
---
11  5 10  8
 2 16  3 13
 7  9  6 12
14  4 15  1
---
11  5 10  8
14  4 15  1
 7  9  6 12
 2 16  3 13
---
 7  9  6 12
 2 16  3 13
11  5 10  8
14  4 15  1
---
 7  9  6 12
14  4 15  1
11  5 10  8
 2 16  3 13
---
14  4 15  1
11  5 10  8
 2 16  3 13
 7  9  6 12
---
14  4 15  1
 7  9  6 12
 2 16  3 13
11  5 10  8
---
 2 16 13  3
11  5  8 10
 7  9 12  6
14  4  1 15
---
 2 16 13  3
 7  9 12  6
11  5  8 10
14  4  1 15
---
11  5  8 10
 2 16 13  3
14  4  1 15
 7  9 12  6
---
11  5  8 10
14  4  1 15
 2 16 13  3
 7  9 12  6
---
 7  9 12  6
 2 16 13  3
14  4  1 15
11  5  8 10
---
 7  9 12  6
14  4  1 15
 2 16 13  3
11  5  8 10
---
14  4  1 15
11  5  8 10
 7  9 12  6
 2 16 13  3
---
14  4  1 15
 7  9 12  6
11  5  8 10
 2 16 13  3
---
 2  3 16 13
14 15  4  1
11 10  5  8
 7  6  9 12
---
 2  3 16 13
14 15  4  1
 7  6  9 12
11 10  5  8
---
11 10  5  8
 7  6  9 12
 2  3 16 13
14 15  4  1
---
11 10  5  8
 7  6  9 12
14 15  4  1
 2  3 16 13
---
 7  6  9 12
11 10  5  8
 2  3 16 13
14 15  4  1
---
 7  6  9 12
11 10  5  8
14 15  4  1
 2  3 16 13
---
14 15  4  1
 2  3 16 13
11 10  5  8
 7  6  9 12
---
14 15  4  1
 2  3 16 13
 7  6  9 12
11 10  5  8
---
 2  3 13 16
14 15  1  4
11 10  8  5
 7  6 12  9
---
 2  3 13 16
14 15  1  4
 7  6 12  9
11 10  8  5
---
11 10  8  5
 7  6 12  9
 2  3 13 16
14 15  1  4
---
11 10  8  5
 7  6 12  9
14 15  1  4
 2  3 13 16
---
 7  6 12  9
11 10  8  5
 2  3 13 16
14 15  1  4
---
 7  6 12  9
11 10  8  5
14 15  1  4
 2  3 13 16
---
14 15  1  4
 2  3 13 16
11 10  8  5
 7  6 12  9
---
14 15  1  4
 2  3 13 16
 7  6 12  9
11 10  8  5
---
 2 13 16  3
11  8  5 10
 7 12  9  6
14  1  4 15
---
 2 13 16  3
 7 12  9  6
11  8  5 10
14  1  4 15
---
11  8  5 10
 2 13 16  3
14  1  4 15
 7 12  9  6
---
11  8  5 10
14  1  4 15
 2 13 16  3
 7 12  9  6
---
 7 12  9  6
 2 13 16  3
14  1  4 15
11  8  5 10
---
 7 12  9  6
14  1  4 15
 2 13 16  3
11  8  5 10
---
14  1  4 15
11  8  5 10
 7 12  9  6
 2 13 16  3
---
14  1  4 15
 7 12  9  6
11  8  5 10
 2 13 16  3
---
 2 13  3 16
11  8 10  5
14  1 15  4
 7 12  6  9
---
 2 13  3 16
 7 12  6  9
14  1 15  4
11  8 10  5
---
11  8 10  5
 2 13  3 16
 7 12  6  9
14  1 15  4
---
11  8 10  5
14  1 15  4
 7 12  6  9
 2 13  3 16
---
 7 12  6  9
 2 13  3 16
11  8 10  5
14  1 15  4
---
 7 12  6  9
14  1 15  4
11  8 10  5
 2 13  3 16
---
14  1 15  4
11  8 10  5
 2 13  3 16
 7 12  6  9
---
14  1 15  4
 7 12  6  9
 2 13  3 16
11  8 10  5
---
 3 16  2 13
10  5 11  8
15  4 14  1
 6  9  7 12
---
 3 16  2 13
 6  9  7 12
15  4 14  1
10  5 11  8
---
10  5 11  8
 3 16  2 13
 6  9  7 12
15  4 14  1
---
10  5 11  8
15  4 14  1
 6  9  7 12
 3 16  2 13
---
 6  9  7 12
 3 16  2 13
10  5 11  8
15  4 14  1
---
 6  9  7 12
15  4 14  1
10  5 11  8
 3 16  2 13
---
15  4 14  1
10  5 11  8
 3 16  2 13
 6  9  7 12
---
15  4 14  1
 6  9  7 12
 3 16  2 13
10  5 11  8
---
 3 16 13  2
10  5  8 11
 6  9 12  7
15  4  1 14
---
 3 16 13  2
 6  9 12  7
10  5  8 11
15  4  1 14
---
10  5  8 11
 3 16 13  2
15  4  1 14
 6  9 12  7
---
10  5  8 11
15  4  1 14
 3 16 13  2
 6  9 12  7
---
 6  9 12  7
 3 16 13  2
15  4  1 14
10  5  8 11
---
 6  9 12  7
15  4  1 14
 3 16 13  2
10  5  8 11
---
15  4  1 14
10  5  8 11
 6  9 12  7
 3 16 13  2
---
15  4  1 14
 6  9 12  7
10  5  8 11
 3 16 13  2
---
 3  2 16 13
15 14  4  1
10 11  5  8
 6  7  9 12
---
 3  2 16 13
15 14  4  1
 6  7  9 12
10 11  5  8
---
10 11  5  8
 6  7  9 12
 3  2 16 13
15 14  4  1
---
10 11  5  8
 6  7  9 12
15 14  4  1
 3  2 16 13
---
 6  7  9 12
10 11  5  8
 3  2 16 13
15 14  4  1
---
 6  7  9 12
10 11  5  8
15 14  4  1
 3  2 16 13
---
15 14  4  1
 3  2 16 13
10 11  5  8
 6  7  9 12
---
15 14  4  1
 3  2 16 13
 6  7  9 12
10 11  5  8
---
 3  2 13 16
15 14  1  4
10 11  8  5
 6  7 12  9
---
 3  2 13 16
15 14  1  4
 6  7 12  9
10 11  8  5
---
10 11  8  5
 6  7 12  9
 3  2 13 16
15 14  1  4
---
10 11  8  5
 6  7 12  9
15 14  1  4
 3  2 13 16
---
 6  7 12  9
10 11  8  5
 3  2 13 16
15 14  1  4
---
 6  7 12  9
10 11  8  5
15 14  1  4
 3  2 13 16
---
15 14  1  4
 3  2 13 16
10 11  8  5
 6  7 12  9
---
15 14  1  4
 3  2 13 16
 6  7 12  9
10 11  8  5
---
 3 13 16  2
10  8  5 11
 6 12  9  7
15  1  4 14
---
 3 13 16  2
 6 12  9  7
10  8  5 11
15  1  4 14
---
10  8  5 11
 3 13 16  2
15  1  4 14
 6 12  9  7
---
10  8  5 11
15  1  4 14
 3 13 16  2
 6 12  9  7
---
 6 12  9  7
 3 13 16  2
15  1  4 14
10  8  5 11
---
 6 12  9  7
15  1  4 14
 3 13 16  2
10  8  5 11
---
15  1  4 14
10  8  5 11
 6 12  9  7
 3 13 16  2
---
15  1  4 14
 6 12  9  7
10  8  5 11
 3 13 16  2
---
 3 13  2 16
10  8 11  5
15  1 14  4
 6 12  7  9
---
 3 13  2 16
 6 12  7  9
15  1 14  4
10  8 11  5
---
10  8 11  5
 3 13  2 16
 6 12  7  9
15  1 14  4
---
10  8 11  5
15  1 14  4
 6 12  7  9
 3 13  2 16
---
 6 12  7  9
 3 13  2 16
10  8 11  5
15  1 14  4
---
 6 12  7  9
15  1 14  4
10  8 11  5
 3 13  2 16
---
15  1 14  4
10  8 11  5
 3 13  2 16
 6 12  7  9
---
15  1 14  4
 6 12  7  9
 3 13  2 16
10  8 11  5
---
13 16  2  3
 1  4 14 15
 8  5 11 10
12  9  7  6
---
13 16  2  3
 1  4 14 15
12  9  7  6
 8  5 11 10
---
 8  5 11 10
12  9  7  6
13 16  2  3
 1  4 14 15
---
 8  5 11 10
12  9  7  6
 1  4 14 15
13 16  2  3
---
12  9  7  6
 8  5 11 10
13 16  2  3
 1  4 14 15
---
12  9  7  6
 8  5 11 10
 1  4 14 15
13 16  2  3
---
 1  4 14 15
13 16  2  3
 8  5 11 10
12  9  7  6
---
 1  4 14 15
13 16  2  3
12  9  7  6
 8  5 11 10
---
13 16  3  2
 1  4 15 14
 8  5 10 11
12  9  6  7
---
13 16  3  2
 1  4 15 14
12  9  6  7
 8  5 10 11
---
 8  5 10 11
12  9  6  7
13 16  3  2
 1  4 15 14
---
 8  5 10 11
12  9  6  7
 1  4 15 14
13 16  3  2
---
12  9  6  7
 8  5 10 11
13 16  3  2
 1  4 15 14
---
12  9  6  7
 8  5 10 11
 1  4 15 14
13 16  3  2
---
 1  4 15 14
13 16  3  2
 8  5 10 11
12  9  6  7
---
 1  4 15 14
13 16  3  2
12  9  6  7
 8  5 10 11
---
13  2 16  3
 8 11  5 10
 1 14  4 15
12  7  9  6
---
13  2 16  3
12  7  9  6
 1 14  4 15
 8 11  5 10
---
 8 11  5 10
13  2 16  3
12  7  9  6
 1 14  4 15
---
 8 11  5 10
 1 14  4 15
12  7  9  6
13  2 16  3
---
12  7  9  6
13  2 16  3
 8 11  5 10
 1 14  4 15
---
12  7  9  6
 1 14  4 15
 8 11  5 10
13  2 16  3
---
 1 14  4 15
 8 11  5 10
13  2 16  3
12  7  9  6
---
 1 14  4 15
12  7  9  6
13  2 16  3
 8 11  5 10
---
13  2  3 16
 8 11 10  5
12  7  6  9
 1 14 15  4
---
13  2  3 16
12  7  6  9
 8 11 10  5
 1 14 15  4
---
 8 11 10  5
13  2  3 16
 1 14 15  4
12  7  6  9
---
 8 11 10  5
 1 14 15  4
13  2  3 16
12  7  6  9
---
12  7  6  9
13  2  3 16
 1 14 15  4
 8 11 10  5
---
12  7  6  9
 1 14 15  4
13  2  3 16
 8 11 10  5
---
 1 14 15  4
 8 11 10  5
12  7  6  9
13  2  3 16
---
 1 14 15  4
12  7  6  9
 8 11 10  5
13  2  3 16
---
13  3 16  2
 8 10  5 11
 1 15  4 14
12  6  9  7
---
13  3 16  2
12  6  9  7
 1 15  4 14
 8 10  5 11
---
 8 10  5 11
13  3 16  2
12  6  9  7
 1 15  4 14
---
 8 10  5 11
 1 15  4 14
12  6  9  7
13  3 16  2
---
12  6  9  7
13  3 16  2
 8 10  5 11
 1 15  4 14
---
12  6  9  7
 1 15  4 14
 8 10  5 11
13  3 16  2
---
 1 15  4 14
 8 10  5 11
13  3 16  2
12  6  9  7
---
 1 15  4 14
12  6  9  7
13  3 16  2
 8 10  5 11
---
13  3  2 16
 8 10 11  5
12  6  7  9
 1 15 14  4
---
13  3  2 16
12  6  7  9
 8 10 11  5
 1 15 14  4
---
 8 10 11  5
13  3  2 16
 1 15 14  4
12  6  7  9
---
 8 10 11  5
 1 15 14  4
13  3  2 16
12  6  7  9
---
12  6  7  9
13  3  2 16
 1 15 14  4
 8 10 11  5
---
12  6  7  9
 1 15 14  4
13  3  2 16
 8 10 11  5
---
 1 15 14  4
 8 10 11  5
12  6  7  9
13  3  2 16
---
 1 15 14  4
12  6  7  9
 8 10 11  5
13  3  2 16
---
1440 Solutions for 6x6 Magic Squares (limited search):
---
